1 0.361328125 0.654296875 0.11015625 0.17421875
0 0.3640625 0.225390625 0.103125 0.19453125
0 0.365625 0.44140625 0.1 0.1890625
0 0.487109375 0.230078125 0.10859375 0.17578125
0 0.483984375 0.448828125 0.10234375 0.18515625
0 0.480859375 0.659375 0.09921875 0.190625
0 0.605859375 0.2359375 0.10546875 0.18125
0 0.734765625 0.244140625 0.11015625 0.18515625
0 0.7296875 0.451171875 0.1 0.18671875
0 0.601171875 0.662109375 0.10546875 0.18359375
0 0.725 0.661328125 0.10625 0.18515625
0 0.84375 0.66328125 0.1 0.1890625
0 0.854296875 0.459375 0.10859375 0.18125
1 0.866796875 0.24296875 0.11796875 0.1890625