1 0.312109375 0.291796875 0.11484375 0.18671875
1 0.441796875 0.296484375 0.11171875 0.19296875
1 0.569921875 0.29453125 0.10546875 0.1984375
1 0.700390625 0.29140625 0.11328125 0.1890625
1 0.832421875 0.2953125 0.11796875 0.2
1 0.828125 0.52265625 0.1125 0.1890625
1 0.8328125 0.750390625 0.109375 0.20703125
1 0.696875 0.519921875 0.10625 0.19296875
1 0.698828125 0.74296875 0.11328125 0.2109375
1 0.567578125 0.740625 0.10703125 0.209375
1 0.437109375 0.734765625 0.11484375 0.20390625
1 0.439453125 0.513671875 0.11015625 0.19609375
1 0.314453125 0.51484375 0.10703125 0.2015625
1 0.309375 0.733984375 0.10625 0.19609375