0 0.13984375 0.3765625 0.1984375 0.246875
1 0.1453125 0.88046875 0.20625 0.2390625
1 0.2546875 0.62734375 0.203125 0.2359375
1 0.3453125 0.365625 0.196875 0.253125
1 0.5671875 0.358984375 0.21875 0.25859375
1 0.80625 0.352734375 0.221875 0.25546875
1 0.46171875 0.6296875 0.1859375 0.246875
1 0.3640625 0.8765625 0.19375 0.246875
1 0.571875 0.8734375 0.18125 0.253125
1 0.68515625 0.634375 0.2203125 0.253125
1 0.9046875 0.633203125 0.190625 0.24453125
1 0.78515625 0.880078125 0.1953125 0.21640625
1 0.9515625 0.871875 0.096875 0.221875
1 0.97109375 0.369140625 0.0578125 0.26640625