1 0.183984375 0.271484375 0.08984375 0.16484375
1 0.328125 0.286328125 0.109375 0.13203125
1 0.4703125 0.271484375 0.103125 0.14609375
1 0.61875 0.27578125 0.109375 0.1296875
1 0.7734375 0.28125 0.10625 0.134375
1 0.774609375 0.425390625 0.08984375 0.12578125
1 0.767578125 0.644140625 0.09140625 0.12578125
1 0.76953125 0.796484375 0.1109375 0.14609375
1 0.63671875 0.79765625 0.1046875 0.1421875
1 0.626953125 0.641796875 0.08828125 0.14609375
1 0.6265625 0.43046875 0.1125 0.1421875
1 0.473828125 0.425 0.09765625 0.128125
1 0.323828125 0.42265625 0.09765625 0.1171875
1 0.183203125 0.43046875 0.09453125 0.1296875
1 0.18046875 0.646875 0.1046875 0.121875
1 0.183984375 0.7953125 0.08984375 0.134375
1 0.326171875 0.645703125 0.09609375 0.13828125
1 0.476171875 0.648828125 0.09921875 0.13828125
1 0.474609375 0.804296875 0.09921875 0.13984375
1 0.325 0.796484375 0.1 0.13984375