1 0.332421875 0.253125 0.07734375 0.0875
1 0.4203125 0.299609375 0.05625 0.09296875
1 0.49921875 0.348828125 0.0546875 0.08515625
1 0.5796875 0.395703125 0.059375 0.09140625
1 0.657421875 0.44296875 0.06796875 0.0890625
1 0.734375 0.48984375 0.065625 0.0890625
1 0.809375 0.534375 0.065625 0.096875
1 0.7734375 0.64140625 0.065625 0.0953125
1 0.7328125 0.75078125 0.059375 0.0828125
1 0.6546875 0.69921875 0.0625 0.0890625
1 0.69609375 0.59921875 0.0546875 0.1046875
1 0.62109375 0.55234375 0.0578125 0.0890625
1 0.57421875 0.65546875 0.0546875 0.0890625
1 0.5046875 0.613671875 0.053125 0.09296875
1 0.5390625 0.501953125 0.05625 0.08515625
1 0.459375 0.466015625 0.05625 0.09140625
1 0.3796875 0.4109375 0.065625 0.08125
1 0.3453125 0.52265625 0.05625 0.0953125
1 0.421484375 0.569140625 0.04921875 0.08515625
1 0.262109375 0.48125 0.06796875 0.08125
1 0.294921875 0.362890625 0.05234375 0.09140625