1 0.691015625 0.275390625 0.08203125 0.20703125
1 0.809375 0.28515625 0.09375 0.2359375
1 0.7921875 0.508203125 0.084375 0.22265625
1 0.6921875 0.501171875 0.084375 0.24921875
1 0.580078125 0.486328125 0.07890625 0.22265625
0 0.5984375 0.27109375 0.0875 0.1984375
0 0.2 0.25625 0.090625 0.1875
0 0.301953125 0.257421875 0.08203125 0.21171875
0 0.391015625 0.255859375 0.07890625 0.21796875
0 0.490234375 0.2578125 0.10859375 0.203125
0 0.4828125 0.47890625 0.09375 0.2046875
0 0.379296875 0.47578125 0.10234375 0.1890625
0 0.27265625 0.4734375 0.0828125 0.203125
0 0.175 0.472265625 0.096875 0.22265625