1 0.45078125 0.437109375 0.0890625 0.03984375
1 0.574609375 0.4390625 0.08359375 0.04375
1 0.576171875 0.493359375 0.08046875 0.04609375
1 0.45 0.490625 0.078125 0.04375
1 0.451171875 0.547265625 0.08046875 0.04140625
1 0.57890625 0.547265625 0.0890625 0.04140625
1 0.583984375 0.603125 0.08359375 0.05
1 0.5828125 0.666015625 0.103125 0.04140625
1 0.59453125 0.738671875 0.0890625 0.05234375
1 0.60078125 0.809375 0.0890625 0.05
1 0.4453125 0.809375 0.1 0.05
1 0.442578125 0.737109375 0.09140625 0.05234375
1 0.45234375 0.668359375 0.0859375 0.05234375
1 0.451171875 0.603515625 0.08046875 0.04765625