1 0.3640625 0.400390625 0.10625 0.14765625
1 0.4890625 0.397265625 0.1 0.14140625
1 0.604296875 0.39140625 0.11484375 0.1328125
1 0.728125 0.373828125 0.10625 0.15078125
1 0.84765625 0.366015625 0.1109375 0.14140625
1 0.7953125 0.520703125 0.10625 0.15078125
1 0.68125 0.530078125 0.121875 0.14453125
1 0.56328125 0.53515625 0.1109375 0.1390625
1 0.43828125 0.548828125 0.1234375 0.14140625
1 0.37734375 0.7015625 0.1171875 0.153125
1 0.499609375 0.69375 0.10859375 0.153125
1 0.625 0.683203125 0.1125 0.15078125
1 0.751953125 0.678125 0.11953125 0.15625
1 0.86875 0.669140625 0.1 0.14140625