1 0.365234375 0.3515625 0.10859375 0.11875
1 0.478125 0.343359375 0.1 0.13046875
1 0.575390625 0.327734375 0.09140625 0.13046875
1 0.676953125 0.315234375 0.09140625 0.12734375
1 0.7734375 0.30390625 0.084375 0.1328125
1 0.733984375 0.434375 0.09296875 0.115625
1 0.7875 0.543359375 0.084375 0.12734375
1 0.698046875 0.563671875 0.10234375 0.12734375
1 0.59609375 0.574609375 0.0890625 0.13046875
1 0.49296875 0.59140625 0.0828125 0.1328125
1 0.4296875 0.469921875 0.1 0.12421875
1 0.531640625 0.4578125 0.10390625 0.121875
1 0.6390625 0.4453125 0.10625 0.121875
1 0.3828125 0.60703125 0.10625 0.1359375