1 0.362890625 0.282421875 0.18203125 0.14296875
1 0.699609375 0.29453125 0.16171875 0.1234375
1 0.53203125 0.36015625 0.1734375 0.1171875
1 0.710546875 0.434375 0.17109375 0.1125
1 0.710546875 0.5703125 0.16484375 0.128125
1 0.712109375 0.7109375 0.16796875 0.128125
1 0.716796875 0.8546875 0.16484375 0.134375
1 0.538671875 0.786328125 0.16171875 0.13203125
1 0.538671875 0.645703125 0.16171875 0.13203125
1 0.544921875 0.50546875 0.16484375 0.1171875
1 0.359765625 0.424609375 0.18203125 0.13046875
1 0.3640625 0.57265625 0.159375 0.1453125
1 0.372265625 0.7234375 0.18828125 0.121875
1 0.371484375 0.868359375 0.17109375 0.13671875