1 0.362109375 0.3453125 0.08046875 0.05625
1 0.358203125 0.409765625 0.06640625 0.05390625
1 0.44140625 0.346484375 0.0859375 0.05859375
1 0.44140625 0.409375 0.0609375 0.05625
1 0.5296875 0.35 0.075 0.05625
1 0.6078125 0.3515625 0.075 0.05625
1 0.528125 0.412109375 0.071875 0.05859375
1 0.61015625 0.412890625 0.0640625 0.04140625
1 0.69609375 0.412109375 0.0859375 0.05234375
1 0.60390625 0.471484375 0.0859375 0.05234375
1 0.516015625 0.528125 0.06640625 0.05
1 0.514453125 0.5890625 0.06640625 0.05625
1 0.609375 0.525390625 0.075 0.05390625
1 0.698046875 0.528515625 0.08046875 0.04765625
1 0.708203125 0.594921875 0.09453125 0.05234375
0 0.60546875 0.59375 0.0890625 0.0625
0 0.696484375 0.350390625 0.08046875 0.06015625
0 0.698828125 0.471484375 0.09140625 0.05859375