1 0.4453125 0.33984375 0.075 0.0453125
1 0.630078125 0.355859375 0.10390625 0.05234375
1 0.5390625 0.349609375 0.08125 0.05234375
1 0.5359375 0.445703125 0.08125 0.05390625
1 0.530859375 0.496875 0.08984375 0.04375
1 0.62421875 0.54765625 0.0953125 0.0453125
1 0.525390625 0.59140625 0.10703125 0.0453125
1 0.43828125 0.540234375 0.0953125 0.05234375
1 0.619921875 0.647265625 0.09296875 0.04765625
1 0.612109375 0.695703125 0.08984375 0.04140625
1 0.62109375 0.745703125 0.1015625 0.04140625
1 0.630859375 0.45625 0.08671875 0.04375
1 0.625390625 0.408203125 0.10390625 0.04765625
1 0.451953125 0.39765625 0.10390625 0.0390625
1 0.448046875 0.447265625 0.09296875 0.04765625
1 0.4375 0.640625 0.08125 0.04375
1 0.427734375 0.69453125 0.08671875 0.0390625
1 0.4265625 0.74765625 0.078125 0.0390625
1 0.516796875 0.7421875 0.08359375 0.04375
1 0.525 0.64453125 0.078125 0.0453125