1 0.55625 0.256640625 0.121875 0.05390625
1 0.676953125 0.267578125 0.10390625 0.05390625
1 0.791015625 0.28203125 0.10703125 0.0453125
1 0.7921875 0.334765625 0.11875 0.04765625
1 0.7828125 0.398046875 0.11875 0.05859375
1 0.67265625 0.3953125 0.0953125 0.05625
1 0.56171875 0.326953125 0.0984375 0.05390625
1 0.55 0.384765625 0.115625 0.05390625
1 0.665234375 0.4578125 0.09296875 0.05625
1 0.78359375 0.522265625 0.1015625 0.04765625
1 0.664453125 0.5765625 0.10703125 0.05
1 0.558203125 0.513671875 0.11015625 0.05859375
1 0.5421875 0.642578125 0.1125 0.04765625
1 0.668359375 0.647265625 0.09296875 0.04765625
1 0.7765625 0.644921875 0.1125 0.05234375
1 0.776171875 0.708203125 0.12734375 0.06328125
1 0.780078125 0.773046875 0.10703125 0.05234375
1 0.6625 0.774609375 0.115625 0.05234375
1 0.550390625 0.7109375 0.11015625 0.05
1 0.5421875 0.784375 0.11875 0.05625