1 0.1140625 0.507421875 0.078125 0.08046875
1 0.139453125 0.602734375 0.06953125 0.08046875
1 0.141015625 0.69921875 0.06953125 0.0828125
1 0.226953125 0.6921875 0.06640625 0.084375
1 0.314453125 0.682421875 0.06640625 0.08046875
1 0.301953125 0.5890625 0.06640625 0.084375
1 0.2078125 0.503125 0.078125 0.078125
1 0.297265625 0.4984375 0.06953125 0.084375
1 0.391796875 0.58203125 0.08359375 0.0828125
1 0.467578125 0.48828125 0.07265625 0.0828125
1 0.547265625 0.5734375 0.06328125 0.078125
1 0.491015625 0.664453125 0.06640625 0.07578125
1 0.614453125 0.47890625 0.07265625 0.0890625
1 0.691015625 0.476171875 0.06328125 0.09296875
1 0.77421875 0.471484375 0.0609375 0.08671875
1 0.778125 0.55546875 0.075 0.0734375
1 0.796484375 0.64296875 0.08359375 0.0734375
1 0.716015625 0.646875 0.07265625 0.078125
1 0.6390625 0.654296875 0.078125 0.08046875
1 0.625 0.56640625 0.075 0.0828125