0 0.177734375 0.168359375 0.18984375 0.16171875
0 0.380859375 0.16875 0.18046875 0.165625
0 0.628125 0.169140625 0.178125 0.15703125
0 0.83359375 0.175390625 0.1609375 0.16953125
0 0.176171875 0.346875 0.16796875 0.146875
0 0.38359375 0.346484375 0.1828125 0.15546875
0 0.625390625 0.354296875 0.19765625 0.16171875
0 0.831640625 0.349609375 0.17578125 0.14921875
0 0.171875 0.519140625 0.1875 0.15703125
0 0.37734375 0.521875 0.1953125 0.165625
0 0.626171875 0.525390625 0.18046875 0.15078125
0 0.828515625 0.524609375 0.17578125 0.15546875
0 0.172265625 0.6953125 0.18515625 0.146875
0 0.376953125 0.697265625 0.17265625 0.15078125
0 0.624609375 0.69453125 0.16796875 0.1453125
0 0.833203125 0.698828125 0.18515625 0.15078125
0 0.17421875 0.864453125 0.1828125 0.16953125
0 0.375 0.871875 0.165625 0.165625
0 0.628515625 0.873046875 0.17578125 0.16171875
0 0.8296875 0.86875 0.178125 0.159375