1 0.440625 0.278125 0.05 0.1
1 0.41328125 0.382421875 0.0546875 0.08984375
1 0.38046875 0.4921875 0.0546875 0.1
1 0.35234375 0.59296875 0.0515625 0.0796875
1 0.50390625 0.31484375 0.0484375 0.0953125
1 0.47890625 0.41796875 0.0484375 0.0953125
1 0.444921875 0.53125 0.03984375 0.0875
1 0.54375 0.4546875 0.053125 0.0875
1 0.63046875 0.396875 0.0546875 0.0875
1 0.697265625 0.433203125 0.05703125 0.09765625
1 0.675 0.52578125 0.05 0.0953125
1 0.6078125 0.48828125 0.053125 0.0953125
1 0.5109375 0.573046875 0.046875 0.08984375
1 0.641796875 0.641796875 0.03984375 0.08984375
1 0.415625 0.636328125 0.053125 0.09765625
1 0.4796875 0.668359375 0.053125 0.10234375
1 0.61484375 0.755078125 0.0546875 0.08515625
1 0.563671875 0.35859375 0.06171875 0.0828125
1 0.548828125 0.7125 0.06015625 0.1
1 0.574609375 0.61640625 0.05859375 0.0828125