1 0.334765625 0.296875 0.12890625 0.1125
1 0.49140625 0.303125 0.1234375 0.1125
1 0.633203125 0.303125 0.11328125 0.09375
1 0.63671875 0.418359375 0.1171875 0.10234375
1 0.6359375 0.5421875 0.125 0.10625
1 0.6390625 0.655078125 0.128125 0.11015625
1 0.63984375 0.78359375 0.1140625 0.0984375
1 0.4890625 0.778125 0.121875 0.1
1 0.4890625 0.660546875 0.115625 0.08984375
1 0.4859375 0.421875 0.115625 0.09375
1 0.3359375 0.424609375 0.115625 0.09609375
1 0.339453125 0.5390625 0.10703125 0.1
1 0.34140625 0.6546875 0.1171875 0.10625
1 0.340625 0.787109375 0.115625 0.10234375