1 0.413671875 0.71875 0.21484375 0.171875
1 0.651171875 0.557421875 0.18984375 0.11484375
1 0.817578125 0.44140625 0.11953125 0.1640625
1 0.743359375 0.30234375 0.15859375 0.1484375
1 0.566015625 0.4484375 0.15703125 0.1125
1 0.611328125 0.198046875 0.11328125 0.11484375
1 0.56953125 0.11796875 0.1671875 0.0765625
1 0.394921875 0.196484375 0.15859375 0.10234375
1 0.438671875 0.255078125 0.14609375 0.09453125
1 0.50546875 0.3359375 0.1765625 0.1125
1 0.350390625 0.574609375 0.19453125 0.18671875
1 0.29375 0.4515625 0.209375 0.14375
1 0.244140625 0.353515625 0.19140625 0.12265625
1 0.190625 0.286328125 0.175 0.13828125