1 0.23671875 0.373828125 0.1015625 0.16953125
1 0.330859375 0.32578125 0.09296875 0.1765625
1 0.422265625 0.278125 0.09453125 0.175
1 0.51875 0.2265625 0.090625 0.178125
1 0.615625 0.17578125 0.096875 0.1765625
1 0.6796875 0.381640625 0.096875 0.18515625
1 0.73203125 0.586328125 0.0890625 0.16953125
1 0.633984375 0.6421875 0.10546875 0.175
1 0.54453125 0.688671875 0.1015625 0.17109375
1 0.44609375 0.733203125 0.0953125 0.18828125
1 0.34921875 0.79453125 0.0890625 0.1765625
1 0.29453125 0.580078125 0.0953125 0.17265625
1 0.3875 0.530859375 0.090625 0.17109375
1 0.484765625 0.481640625 0.09140625 0.16953125
1 0.576171875 0.4359375 0.09296875 0.175