1 0.383203125 0.283203125 0.16640625 0.11953125
1 0.551171875 0.357421875 0.15859375 0.12421875
1 0.705859375 0.289453125 0.16171875 0.11953125
1 0.384375 0.425390625 0.165625 0.13203125
1 0.389453125 0.561328125 0.16328125 0.12578125
1 0.3890625 0.7 0.159375 0.128125
1 0.391796875 0.840234375 0.16171875 0.13359375
1 0.710546875 0.423828125 0.15859375 0.11640625
1 0.55078125 0.494921875 0.1609375 0.11484375
1 0.7109375 0.558203125 0.159375 0.12265625
1 0.551171875 0.62734375 0.15546875 0.1203125
1 0.553125 0.7625 0.159375 0.125
1 0.714453125 0.691796875 0.15703125 0.12421875
1 0.717578125 0.826171875 0.16328125 0.12109375