1 0.353515625 0.158984375 0.14140625 0.08046875
1 0.511328125 0.184765625 0.14140625 0.06328125
1 0.66953125 0.187109375 0.1546875 0.06796875
1 0.66328125 0.273828125 0.1578125 0.06328125
1 0.66171875 0.353515625 0.1546875 0.06015625
1 0.5046875 0.348828125 0.134375 0.06328125
1 0.353515625 0.25234375 0.14765625 0.0703125
1 0.353515625 0.343359375 0.14765625 0.06796875
1 0.491015625 0.431640625 0.14140625 0.06328125
1 0.65234375 0.51640625 0.1609375 0.0578125
1 0.34765625 0.5125 0.1515625 0.065625
1 0.497265625 0.598828125 0.14765625 0.06328125
1 0.50078125 0.678515625 0.1140625 0.06328125
1 0.646875 0.676171875 0.1375 0.05546875
1 0.6375 0.750390625 0.13125 0.06015625
1 0.641796875 0.826953125 0.12734375 0.06015625
1 0.5 0.83515625 0.13125 0.0578125
1 0.341015625 0.853515625 0.14453125 0.06328125
1 0.34921875 0.775390625 0.1546875 0.06328125
1 0.3484375 0.688671875 0.1375 0.06796875