1 0.192578125 0.60234375 0.15078125 0.1859375
1 0.35625 0.6234375 0.146875 0.184375
1 0.517578125 0.638671875 0.14140625 0.18984375
1 0.67890625 0.650390625 0.1453125 0.18828125
1 0.8421875 0.662109375 0.146875 0.19296875
1 0.29921875 0.44765625 0.1328125 0.1640625
1 0.448828125 0.459765625 0.12890625 0.15703125
1 0.598828125 0.471484375 0.13828125 0.16171875
1 0.75 0.476953125 0.140625 0.16328125
1 0.812890625 0.3203125 0.12890625 0.153125
1 0.66953125 0.31328125 0.1328125 0.1546875
1 0.527734375 0.309375 0.12734375 0.15
1 0.38671875 0.29921875 0.1265625 0.1515625
0 0.246484375 0.289453125 0.13359375 0.14765625