0 0.633203125 0.3140625 0.11953125 0.1
1 0.38828125 0.33671875 0.1328125 0.1046875
1 0.522265625 0.378515625 0.12578125 0.09765625
1 0.655859375 0.414453125 0.12109375 0.09453125
1 0.40859375 0.446875 0.1296875 0.1
1 0.434375 0.555078125 0.13125 0.09765625
1 0.45859375 0.66171875 0.1296875 0.0984375
1 0.484375 0.766796875 0.13125 0.09921875
1 0.680078125 0.519921875 0.11953125 0.09296875
1 0.708203125 0.622265625 0.11953125 0.09453125
1 0.730859375 0.72890625 0.12109375 0.0984375
1 0.59765625 0.6953125 0.1265625 0.096875
1 0.57109375 0.588671875 0.1265625 0.09609375
1 0.54609375 0.483984375 0.1234375 0.09609375