1 0.23828125 0.667578125 0.1703125 0.21640625
1 0.3296875 0.46015625 0.146875 0.1984375
1 0.411328125 0.663671875 0.15390625 0.21484375
1 0.58515625 0.654296875 0.1515625 0.21171875
1 0.747265625 0.6484375 0.14453125 0.20625
1 0.90859375 0.6390625 0.1390625 0.20625
1 0.49609375 0.45859375 0.1453125 0.1890625
1 0.658203125 0.45546875 0.14765625 0.1921875
1 0.82265625 0.4453125 0.1453125 0.1875
1 0.406640625 0.2671875 0.14765625 0.19375
1 0.569140625 0.26484375 0.14140625 0.1921875
1 0.730859375 0.25390625 0.14296875 0.1953125
1 0.889453125 0.2515625 0.13828125 0.196875
0 0.24609375 0.265625 0.1546875 0.196875