1 0.334375 0.147265625 0.184375 0.13515625
1 0.336328125 0.295703125 0.18203125 0.14453125
1 0.338671875 0.455859375 0.18671875 0.13984375
1 0.6953125 0.15703125 0.178125 0.1359375
1 0.698828125 0.30546875 0.16640625 0.1390625
1 0.7015625 0.457421875 0.175 0.13359375
1 0.7125 0.600390625 0.1875 0.12578125
1 0.725390625 0.7640625 0.21015625 0.159375
1 0.517578125 0.228125 0.17890625 0.140625
1 0.517578125 0.38046875 0.17890625 0.1390625
1 0.5234375 0.529296875 0.18125 0.13359375
1 0.51875 0.682421875 0.18125 0.13671875
0 0.33515625 0.60703125 0.1796875 0.1421875
0 0.32421875 0.759765625 0.1921875 0.15078125