1 0.183203125 0.71328125 0.16640625 0.2078125
1 0.3515625 0.715234375 0.1375 0.19296875
1 0.495703125 0.71796875 0.13515625 0.1828125
1 0.6484375 0.72421875 0.140625 0.1859375
1 0.809765625 0.7296875 0.14453125 0.1875
1 0.73046875 0.5421875 0.1390625 0.18125
1 0.81171875 0.35625 0.1390625 0.1875
1 0.6546875 0.35546875 0.14375 0.1859375
1 0.500390625 0.359375 0.13515625 0.178125
1 0.5734375 0.538671875 0.1375 0.17734375
1 0.279296875 0.525 0.14609375 0.178125
1 0.428515625 0.536328125 0.13203125 0.17265625
0 0.36015625 0.35859375 0.1359375 0.1796875
0 0.20078125 0.32734375 0.1609375 0.1796875