1 0.5734375 0.21328125 0.153125 0.1046875
1 0.264453125 0.191015625 0.16015625 0.11015625
1 0.420703125 0.258984375 0.15390625 0.11171875
1 0.570703125 0.3296875 0.14765625 0.109375
1 0.57265625 0.45390625 0.1515625 0.1234375
1 0.5765625 0.580078125 0.165625 0.11015625
1 0.580859375 0.7234375 0.18671875 0.14375
1 0.401953125 0.652734375 0.16953125 0.12109375
1 0.41171875 0.51796875 0.1578125 0.1265625
1 0.414453125 0.383203125 0.15390625 0.12265625
1 0.253515625 0.312109375 0.16328125 0.11484375
1 0.241015625 0.44453125 0.16640625 0.1265625
0 0.23515625 0.584375 0.1640625 0.13125
0 0.20859375 0.719921875 0.1828125 0.13046875