1 0.64921875 0.35078125 0.0984375 0.1328125
1 0.648828125 0.604296875 0.09140625 0.11796875
1 0.59609375 0.48125 0.0921875 0.11875
1 0.54140625 0.35390625 0.0921875 0.1328125
1 0.43671875 0.3578125 0.0921875 0.128125
1 0.544140625 0.6046875 0.09140625 0.11875
1 0.442578125 0.603125 0.09140625 0.115625
1 0.492578125 0.4828125 0.08828125 0.11875
1 0.391796875 0.481640625 0.08984375 0.11953125
1 0.34453125 0.601953125 0.0890625 0.11328125
1 0.24765625 0.603125 0.0921875 0.115625
0 0.23671875 0.363671875 0.1015625 0.13046875
0 0.34140625 0.3609375 0.0921875 0.121875
0 0.295703125 0.485546875 0.09765625 0.11484375