1 0.641796875 0.35859375 0.11796875 0.0953125
1 0.391796875 0.34375 0.13671875 0.10625
1 0.64921875 0.466015625 0.1140625 0.09765625
1 0.6546875 0.576953125 0.115625 0.09765625
1 0.66015625 0.6890625 0.1265625 0.1
1 0.52578125 0.408984375 0.1203125 0.09921875
1 0.394921875 0.462109375 0.13359375 0.10546875
1 0.525390625 0.5234375 0.12890625 0.096875
1 0.39375 0.580078125 0.140625 0.10390625
1 0.53046875 0.634375 0.1265625 0.103125
0 0.6671875 0.802734375 0.115625 0.10859375
0 0.39453125 0.821484375 0.1515625 0.11484375
0 0.38984375 0.69921875 0.1421875 0.1140625
0 0.533203125 0.753125 0.13515625 0.109375