1 0.229296875 0.301953125 0.09921875 0.11953125
1 0.189453125 0.568359375 0.11328125 0.14921875
1 0.273046875 0.42265625 0.11171875 0.1296875
1 0.32109375 0.56328125 0.1203125 0.1515625
1 0.346484375 0.2890625 0.10546875 0.121875
1 0.46875 0.278515625 0.109375 0.12578125
1 0.4 0.415625 0.115625 0.13125
1 0.460546875 0.558984375 0.12734375 0.14921875
1 0.534375 0.408984375 0.115625 0.13359375
0 0.60234375 0.555859375 0.1328125 0.15859375
0 0.72421875 0.24453125 0.1234375 0.1234375
0 0.5953125 0.273828125 0.11875 0.12578125
0 0.665625 0.388671875 0.128125 0.15234375
0 0.751953125 0.526171875 0.15078125 0.17421875