1 0.32734375 0.450390625 0.0796875 0.11015625
1 0.41796875 0.4515625 0.0828125 0.109375
1 0.509375 0.45546875 0.084375 0.1140625
1 0.321875 0.67109375 0.078125 0.1109375
1 0.368359375 0.5609375 0.08046875 0.109375
1 0.4109375 0.677734375 0.084375 0.11484375
1 0.460546875 0.56640625 0.08359375 0.1109375
1 0.503515625 0.681640625 0.08828125 0.11953125
1 0.553515625 0.569140625 0.08828125 0.11015625
1 0.60390625 0.455859375 0.0921875 0.11171875
0 0.70234375 0.456640625 0.0921875 0.11640625
0 0.65 0.572265625 0.090625 0.11640625
0 0.698046875 0.694921875 0.09921875 0.12109375
0 0.5984375 0.68671875 0.090625 0.1140625