1 0.77890625 0.216015625 0.1140625 0.16640625
1 0.71328125 0.38046875 0.1140625 0.1515625
1 0.77578125 0.5265625 0.1078125 0.146875
1 0.6515625 0.53359375 0.1125 0.1453125
1 0.5265625 0.54453125 0.1125 0.1453125
1 0.646484375 0.223046875 0.11796875 0.16484375
1 0.5859375 0.38828125 0.115625 0.1484375
1 0.515625 0.2296875 0.11875 0.16875
0 0.387890625 0.243359375 0.12578125 0.16796875
0 0.253125 0.25234375 0.13125 0.1671875
0 0.461328125 0.398046875 0.11328125 0.14609375
0 0.403125 0.554296875 0.115625 0.14296875
0 0.27421875 0.566015625 0.1203125 0.15078125
0 0.329296875 0.4109375 0.11796875 0.153125