1 0.26171875 0.285546875 0.1484375 0.18671875
1 0.41875 0.285546875 0.134375 0.18671875
1 0.56875 0.28828125 0.125 0.1796875
1 0.495703125 0.47265625 0.14140625 0.1796875
1 0.3421875 0.473046875 0.146875 0.18359375
1 0.261328125 0.666015625 0.15078125 0.20078125
1 0.421484375 0.6625 0.14296875 0.196875
1 0.580859375 0.654296875 0.13671875 0.18359375
0 0.70546875 0.2921875 0.1265625 0.171875
0 0.845703125 0.283203125 0.12890625 0.16640625
0 0.787109375 0.462109375 0.13984375 0.16796875
0 0.86640625 0.63359375 0.1421875 0.1734375
0 0.721875 0.64140625 0.13125 0.1734375
0 0.644921875 0.46640625 0.13046875 0.1734375