0 0.326953125 0.20390625 0.16953125 0.1296875
0 0.689453125 0.21171875 0.19453125 0.1453125
0 0.50078125 0.28203125 0.1734375 0.1328125
0 0.68828125 0.3609375 0.1921875 0.13125
0 0.30859375 0.344140625 0.1765625 0.13515625
0 0.2875 0.48828125 0.190625 0.1390625
0 0.48671875 0.427734375 0.1734375 0.13359375
1 0.675390625 0.5109375 0.19765625 0.1375
1 0.6625 0.669921875 0.20625 0.14921875
1 0.6484375 0.85234375 0.20625 0.1640625
1 0.237109375 0.819921875 0.20859375 0.16171875
1 0.45 0.75 0.190625 0.1625
1 0.464453125 0.580078125 0.18515625 0.15078125
1 0.261328125 0.65390625 0.19765625 0.1578125