1 0.116796875 0.21015625 0.12734375 0.1578125
1 0.30859375 0.2046875 0.1234375 0.159375
1 0.49296875 0.203125 0.1296875 0.15625
1 0.680078125 0.2 0.11953125 0.153125
1 0.856640625 0.20390625 0.11953125 0.1609375
1 0.8609375 0.445703125 0.115625 0.16328125
1 0.8609375 0.701171875 0.125 0.16484375
1 0.6859375 0.70234375 0.125 0.1734375
1 0.684375 0.451171875 0.11875 0.16484375
1 0.307421875 0.45078125 0.13359375 0.1609375
1 0.119140625 0.458203125 0.12578125 0.16640625
1 0.12734375 0.701953125 0.1234375 0.16328125
1 0.309375 0.6984375 0.11875 0.159375
1 0.50078125 0.7015625 0.1234375 0.175