1 0.103125 0.30546875 0.11875 0.1765625
1 0.27890625 0.289453125 0.1234375 0.16640625
1 0.465234375 0.2859375 0.12734375 0.175
1 0.653125 0.286328125 0.13125 0.16640625
1 0.650390625 0.53203125 0.12578125 0.1546875
1 0.65078125 0.76796875 0.1171875 0.1609375
1 0.47734375 0.771875 0.1234375 0.15625
1 0.2953125 0.7671875 0.125 0.15625
1 0.287109375 0.53984375 0.12109375 0.1515625
1 0.1125 0.54140625 0.125 0.1578125
1 0.11953125 0.7734375 0.1171875 0.153125
0 0.81953125 0.28203125 0.1171875 0.1609375
0 0.828125 0.531640625 0.125 0.16328125
0 0.821875 0.7640625 0.121875 0.15625