0 0.676953125 0.274609375 0.13515625 0.16796875
0 0.867578125 0.276171875 0.14140625 0.17109375
0 0.861328125 0.516015625 0.12890625 0.16953125
0 0.678515625 0.5171875 0.14140625 0.18125
0 0.67890625 0.761328125 0.1296875 0.16328125
0 0.85390625 0.757421875 0.1296875 0.16796875
1 0.5 0.75859375 0.11875 0.1796875
1 0.494140625 0.2765625 0.13515625 0.15625
1 0.311328125 0.280859375 0.13203125 0.16484375
1 0.13125 0.286328125 0.1375 0.16640625
1 0.132421875 0.526171875 0.12734375 0.16796875
1 0.315234375 0.52734375 0.13359375 0.1734375
1 0.137890625 0.771484375 0.14140625 0.16796875
1 0.318359375 0.762890625 0.13359375 0.16328125