1 0.114453125 0.263671875 0.11953125 0.16484375
1 0.303125 0.2671875 0.125 0.159375
1 0.487109375 0.268359375 0.12109375 0.16484375
1 0.305078125 0.512890625 0.12578125 0.16640625
1 0.1125 0.511328125 0.125 0.16640625
1 0.1125 0.758203125 0.1375 0.16953125
1 0.300390625 0.753515625 0.12578125 0.16953125
0 0.48203125 0.745703125 0.1171875 0.16640625
0 0.664453125 0.27421875 0.13203125 0.1546875
0 0.844921875 0.271875 0.13359375 0.175
0 0.8421875 0.508203125 0.125 0.16640625
0 0.84609375 0.7578125 0.1234375 0.175
0 0.66484375 0.755859375 0.1296875 0.16484375
0 0.66171875 0.512109375 0.1296875 0.16796875