0 0.51875 0.294921875 0.125 0.14296875
0 0.680859375 0.279296875 0.12109375 0.14609375
0 0.86328125 0.26875 0.1421875 0.175
0 0.862890625 0.50703125 0.11328125 0.1609375
0 0.859765625 0.73828125 0.12578125 0.1546875
0 0.6859375 0.51015625 0.121875 0.1609375
0 0.685546875 0.733203125 0.12734375 0.16328125
0 0.51640625 0.734765625 0.1109375 0.16953125
1 0.345703125 0.290234375 0.11328125 0.14921875
1 0.17578125 0.296484375 0.1171875 0.14296875
1 0.176171875 0.51640625 0.13359375 0.1578125
1 0.344140625 0.51015625 0.11953125 0.1578125
1 0.347265625 0.741015625 0.12578125 0.16328125
1 0.175390625 0.74765625 0.12578125 0.1734375