1 0.075390625 0.1171875 0.13828125 0.18125
1 0.264453125 0.114453125 0.14765625 0.19140625
1 0.455859375 0.110546875 0.14609375 0.18984375
1 0.649609375 0.111328125 0.14609375 0.19140625
1 0.65234375 0.4140625 0.1515625 0.203125
1 0.64921875 0.711328125 0.1546875 0.18828125
1 0.4515625 0.705078125 0.15 0.18515625
1 0.266015625 0.69375 0.14765625 0.175
1 0.26171875 0.408203125 0.1484375 0.20703125
1 0.076171875 0.415625 0.14609375 0.203125
1 0.081640625 0.69453125 0.14140625 0.1796875
0 0.82890625 0.124609375 0.1296875 0.18984375
0 0.824609375 0.415234375 0.12734375 0.18671875
0 0.8203125 0.701171875 0.121875 0.19296875