1 0.871484375 0.22421875 0.13359375 0.1796875
1 0.887890625 0.504296875 0.14140625 0.18671875
1 0.878125 0.77890625 0.1375 0.1828125
1 0.694921875 0.78671875 0.14609375 0.1796875
1 0.701953125 0.498828125 0.14765625 0.19453125
1 0.696875 0.216796875 0.1375 0.18671875
1 0.5109375 0.2140625 0.14375 0.18125
1 0.323828125 0.218359375 0.14765625 0.16796875
1 0.141015625 0.21796875 0.14453125 0.1765625
1 0.316796875 0.49921875 0.15234375 0.2015625
1 0.13125 0.496484375 0.15 0.18671875
1 0.134765625 0.786328125 0.14453125 0.18828125
1 0.3203125 0.7828125 0.15 0.178125
1 0.508203125 0.781640625 0.14765625 0.18828125