1 0.336328125 0.204296875 0.15390625 0.21171875
1 0.533203125 0.2125 0.14453125 0.2
1 0.71796875 0.22265625 0.1359375 0.2015625
1 0.880078125 0.2328125 0.12890625 0.178125
1 0.888671875 0.504296875 0.11484375 0.19296875
1 0.886328125 0.770703125 0.11953125 0.18515625
1 0.720703125 0.51015625 0.13828125 0.2046875
1 0.717578125 0.790234375 0.13828125 0.18671875
1 0.53671875 0.803515625 0.1515625 0.19140625
1 0.339453125 0.512109375 0.16015625 0.21171875
0 0.346875 0.812109375 0.15625 0.20859375
0 0.143359375 0.525390625 0.15859375 0.20703125
0 0.140234375 0.2109375 0.15234375 0.2
0 0.154296875 0.824609375 0.14609375 0.18984375