1 0.504296875 0.2125 0.13984375 0.203125
1 0.691015625 0.21484375 0.13828125 0.2015625
1 0.869921875 0.229296875 0.12734375 0.18984375
1 0.86484375 0.509375 0.1234375 0.196875
1 0.848828125 0.781640625 0.11953125 0.19140625
1 0.68671875 0.507421875 0.1421875 0.21171875
1 0.67890625 0.7828125 0.1359375 0.175
1 0.495703125 0.785546875 0.14453125 0.19296875
0 0.323828125 0.2125 0.14453125 0.203125
0 0.134375 0.209765625 0.15 0.18828125
0 0.31015625 0.49921875 0.1484375 0.2046875
0 0.13046875 0.48984375 0.1421875 0.1984375
0 0.316015625 0.781640625 0.13515625 0.21015625
0 0.130078125 0.770703125 0.13828125 0.19140625