1 0.687890625 0.271484375 0.13515625 0.17109375
1 0.8546875 0.278125 0.125 0.159375
1 0.86171875 0.544140625 0.1234375 0.18515625
1 0.84921875 0.801171875 0.1234375 0.16484375
1 0.688671875 0.53671875 0.13359375 0.1796875
1 0.68203125 0.80390625 0.1359375 0.1765625
0 0.51171875 0.79609375 0.1359375 0.1734375
0 0.333203125 0.792578125 0.13203125 0.16953125
0 0.161328125 0.77890625 0.13203125 0.1734375
0 0.33515625 0.53046875 0.1421875 0.1796875
0 0.517578125 0.26953125 0.13828125 0.1765625
0 0.34765625 0.265625 0.1296875 0.18125
0 0.182421875 0.256640625 0.13359375 0.18515625
0 0.17109375 0.5234375 0.1359375 0.18125