1 0.65078125 0.23671875 0.1359375 0.1765625
1 0.822265625 0.23671875 0.12890625 0.1765625
1 0.819140625 0.50390625 0.11953125 0.1828125
1 0.816015625 0.76640625 0.12578125 0.1765625
0 0.650390625 0.50234375 0.13515625 0.1765625
0 0.480078125 0.237890625 0.13203125 0.18515625
0 0.305859375 0.233203125 0.13984375 0.16640625
0 0.130078125 0.221875 0.14140625 0.178125
0 0.298828125 0.492578125 0.14140625 0.19453125
0 0.1265625 0.4953125 0.14375 0.18125
0 0.128125 0.761328125 0.1375 0.18515625
0 0.3015625 0.7671875 0.14375 0.178125
0 0.473828125 0.7625 0.14453125 0.18125
0 0.644921875 0.75859375 0.13984375 0.1828125