1 0.1484375 0.39296875 0.1125 0.2453125
1 0.2703125 0.394140625 0.103125 0.23828125
1 0.384375 0.39296875 0.103125 0.2421875
1 0.4953125 0.393359375 0.096875 0.23671875
1 0.605859375 0.4 0.08984375 0.25
1 0.716015625 0.39296875 0.09453125 0.2421875
1 0.83203125 0.3953125 0.1046875 0.24375
1 0.83046875 0.6609375 0.1046875 0.246875
1 0.710546875 0.6609375 0.09921875 0.24375
1 0.602734375 0.653125 0.10234375 0.240625
1 0.489453125 0.649609375 0.10078125 0.23046875
1 0.382421875 0.648828125 0.09921875 0.23203125
1 0.26796875 0.655859375 0.1046875 0.23046875
1 0.148828125 0.6625 0.11328125 0.24375