1 0.14296875 0.398046875 0.1171875 0.25234375
1 0.15078125 0.673828125 0.1109375 0.25703125
1 0.269921875 0.6671875 0.10859375 0.24375
1 0.38359375 0.665625 0.0984375 0.24375
1 0.49765625 0.6609375 0.1046875 0.225
1 0.605859375 0.657421875 0.09296875 0.23671875
0 0.274609375 0.398828125 0.10859375 0.25703125
0 0.391796875 0.40078125 0.10859375 0.2421875
0 0.506640625 0.41015625 0.09453125 0.2421875
0 0.612109375 0.404296875 0.10234375 0.25234375
0 0.721484375 0.421875 0.09609375 0.246875
0 0.835546875 0.423046875 0.10234375 0.25546875
0 0.826953125 0.6859375 0.10078125 0.24375
0 0.711328125 0.6765625 0.10078125 0.246875