0 0.85859375 0.37734375 0.1046875 0.2703125
0 0.85546875 0.662109375 0.1109375 0.25859375
0 0.7265625 0.6546875 0.109375 0.24375
0 0.613671875 0.6484375 0.09921875 0.240625
0 0.7328125 0.37890625 0.103125 0.2640625
0 0.616015625 0.38203125 0.10703125 0.2671875
0 0.5 0.379296875 0.1125 0.25546875
0 0.38359375 0.377734375 0.1046875 0.26171875
0 0.262109375 0.3796875 0.10859375 0.246875
1 0.14375 0.369921875 0.1125 0.25234375
1 0.16171875 0.651953125 0.1046875 0.23203125
1 0.272265625 0.6421875 0.10078125 0.225
1 0.387890625 0.651171875 0.08828125 0.23359375
1 0.505078125 0.646875 0.10078125 0.246875