0 0.8375 0.442578125 0.1125 0.26015625
0 0.719140625 0.447265625 0.10078125 0.25703125
0 0.601171875 0.446875 0.10546875 0.26875
0 0.483984375 0.444140625 0.11484375 0.25390625
0 0.365625 0.4453125 0.109375 0.265625
0 0.24609375 0.4484375 0.1046875 0.265625
0 0.84140625 0.717578125 0.1109375 0.25703125
0 0.7140625 0.718359375 0.1125 0.26171875
0 0.598828125 0.717578125 0.10703125 0.26015625
0 0.48359375 0.7171875 0.1046875 0.246875
1 0.1234375 0.439453125 0.1125 0.25703125
1 0.13125 0.715234375 0.109375 0.25546875
1 0.2515625 0.717578125 0.115625 0.25703125
1 0.369140625 0.721484375 0.10078125 0.25859375