1 0.128515625 0.434765625 0.11328125 0.25703125
1 0.13046875 0.71328125 0.1234375 0.2671875
1 0.25546875 0.714453125 0.1046875 0.26015625
1 0.37421875 0.71640625 0.1046875 0.2640625
0 0.25859375 0.4375 0.1109375 0.265625
0 0.376171875 0.433203125 0.10859375 0.25703125
0 0.49453125 0.434375 0.1109375 0.25
0 0.615234375 0.43828125 0.10859375 0.2640625
0 0.734765625 0.43671875 0.10703125 0.2703125
0 0.8546875 0.437109375 0.1125 0.26171875
0 0.85546875 0.725390625 0.1171875 0.27578125
0 0.730859375 0.72578125 0.11484375 0.2671875
0 0.61171875 0.71171875 0.1109375 0.2640625
0 0.49296875 0.710546875 0.1109375 0.26171875