0 0.133203125 0.41328125 0.11953125 0.2453125
0 0.2546875 0.41484375 0.103125 0.2453125
0 0.376171875 0.412890625 0.10234375 0.25703125
0 0.49375 0.410546875 0.103125 0.25546875
0 0.602734375 0.40859375 0.09609375 0.2453125
0 0.712890625 0.412890625 0.10078125 0.23515625
0 0.82421875 0.41484375 0.0984375 0.2484375
0 0.82265625 0.672265625 0.1046875 0.23828125
0 0.709375 0.66796875 0.103125 0.2421875
0 0.605078125 0.669140625 0.10078125 0.23828125
0 0.491015625 0.669921875 0.10703125 0.23671875
0 0.377734375 0.676953125 0.10859375 0.23515625
0 0.261328125 0.6765625 0.11328125 0.228125
0 0.143359375 0.678125 0.10546875 0.228125