1 0.1484375 0.33203125 0.1125 0.2421875
1 0.265234375 0.3421875 0.09609375 0.240625
1 0.2625 0.599609375 0.103125 0.23359375
1 0.376953125 0.598828125 0.09453125 0.23203125
1 0.491796875 0.594140625 0.10546875 0.23515625
1 0.604296875 0.6015625 0.09296875 0.228125
1 0.71875 0.601171875 0.109375 0.25234375
1 0.840625 0.60390625 0.109375 0.2484375
1 0.840234375 0.3390625 0.11484375 0.25
1 0.712109375 0.33828125 0.10859375 0.2484375
1 0.601171875 0.3421875 0.10234375 0.246875
1 0.49296875 0.34375 0.0984375 0.24375
1 0.374609375 0.344921875 0.09609375 0.23671875
0 0.1421875 0.609375 0.11875 0.25