0 0.901171875 0.334375 0.10546875 0.240625
0 0.759375 0.344921875 0.1125 0.23671875
0 0.891796875 0.7046875 0.10234375 0.246875
0 0.746484375 0.7015625 0.10859375 0.246875
0 0.613671875 0.692578125 0.10859375 0.23828125
0 0.47734375 0.690234375 0.0984375 0.23671875
1 0.34921875 0.683984375 0.0921875 0.23671875
1 0.6140625 0.340625 0.096875 0.228125
1 0.473046875 0.34375 0.09609375 0.240625
1 0.344140625 0.341015625 0.10078125 0.23203125
1 0.215234375 0.3390625 0.08984375 0.225
1 0.0890625 0.34609375 0.090625 0.2203125
1 0.216015625 0.68828125 0.08828125 0.2234375
1 0.09375 0.680078125 0.090625 0.21328125