1 0.1109375 0.375 0.096875 0.196875
1 0.224609375 0.366015625 0.09296875 0.21328125
1 0.353125 0.364453125 0.096875 0.20703125
1 0.120703125 0.678515625 0.08203125 0.19453125
1 0.240625 0.68046875 0.084375 0.2015625
0 0.360546875 0.682421875 0.08984375 0.20859375
0 0.477734375 0.6828125 0.08984375 0.21875
0 0.602734375 0.687890625 0.09296875 0.21015625
0 0.72734375 0.690625 0.0921875 0.225
0 0.8640625 0.70859375 0.103125 0.2234375
0 0.86953125 0.35546875 0.0921875 0.2203125
0 0.7390625 0.36484375 0.103125 0.2234375
0 0.607421875 0.36328125 0.10234375 0.2234375
0 0.47890625 0.361328125 0.0984375 0.21640625