0 0.89296875 0.36171875 0.0984375 0.2203125
0 0.7625 0.37265625 0.096875 0.2265625
0 0.629296875 0.3734375 0.10234375 0.228125
0 0.497265625 0.367578125 0.09453125 0.21328125
0 0.370703125 0.377734375 0.09765625 0.21171875
0 0.378515625 0.698828125 0.08515625 0.21015625
0 0.496875 0.6984375 0.090625 0.209375
0 0.624609375 0.7 0.09296875 0.209375
0 0.751953125 0.70390625 0.08828125 0.2203125
0 0.8890625 0.71328125 0.103125 0.2234375
1 0.24375 0.378515625 0.096875 0.21328125
1 0.12578125 0.38515625 0.0890625 0.2015625
1 0.25234375 0.697265625 0.0765625 0.19765625
1 0.13671875 0.6984375 0.0765625 0.19375