1 0.595703125 0.119921875 0.20390625 0.07734375
1 0.285546875 0.13828125 0.19609375 0.0796875
1 0.28828125 0.257421875 0.2046875 0.08046875
0 0.60234375 0.2453125 0.2171875 0.0875
0 0.60859375 0.369140625 0.2140625 0.08203125
0 0.61640625 0.496875 0.2234375 0.090625
0 0.615625 0.628515625 0.221875 0.09140625
0 0.60703125 0.7609375 0.2140625 0.096875
0 0.618359375 0.8953125 0.23046875 0.0875
0 0.269140625 0.891796875 0.22578125 0.08984375
0 0.282421875 0.75625 0.23046875 0.0875
0 0.289453125 0.627734375 0.21953125 0.08984375
0 0.28671875 0.50234375 0.2265625 0.0859375
0 0.284765625 0.379296875 0.22578125 0.08984375