0 0.371484375 0.8609375 0.25859375 0.103125
0 0.377734375 0.7171875 0.25234375 0.103125
0 0.38046875 0.596484375 0.2421875 0.10859375
0 0.37578125 0.465625 0.2453125 0.103125
0 0.37109375 0.340234375 0.2453125 0.10546875
0 0.374609375 0.216015625 0.25234375 0.10078125
0 0.712109375 0.212109375 0.25546875 0.09609375
0 0.710546875 0.340625 0.25859375 0.090625
0 0.715234375 0.463671875 0.26171875 0.10546875
0 0.712109375 0.594921875 0.25546875 0.10546875
0 0.708984375 0.72421875 0.25546875 0.0984375
0 0.716796875 0.85078125 0.25859375 0.0984375
1 0.7078125 0.08125 0.225 0.090625
1 0.389453125 0.091796875 0.23515625 0.09296875