1 0.311328125 0.116015625 0.23203125 0.10078125
0 0.64921875 0.112109375 0.2484375 0.09296875
0 0.646484375 0.246484375 0.25859375 0.10546875
0 0.643359375 0.38046875 0.25859375 0.1109375
0 0.6390625 0.51640625 0.26875 0.1109375
0 0.6375 0.648828125 0.265625 0.11328125
0 0.626171875 0.784765625 0.25234375 0.11328125
0 0.632421875 0.91640625 0.25546875 0.0984375
0 0.26953125 0.908203125 0.2484375 0.11328125
0 0.288671875 0.773046875 0.26171875 0.10859375
0 0.293359375 0.6390625 0.25859375 0.11875
0 0.29453125 0.50390625 0.2453125 0.1109375
0 0.29921875 0.3765625 0.2484375 0.090625
0 0.304296875 0.253125 0.25859375 0.103125