0 0.108984375 0.311328125 0.10859375 0.23203125
0 0.234375 0.312890625 0.103125 0.23203125
0 0.359375 0.316015625 0.103125 0.23203125
0 0.487109375 0.312109375 0.09296875 0.23046875
0 0.61484375 0.312109375 0.0984375 0.23671875
0 0.73203125 0.3125 0.0984375 0.240625
0 0.859765625 0.317578125 0.09453125 0.23515625
0 0.8671875 0.654296875 0.1125 0.23671875
0 0.7328125 0.655859375 0.109375 0.23046875
0 0.6078125 0.653515625 0.103125 0.23203125
0 0.48359375 0.6484375 0.0984375 0.240625
0 0.358984375 0.642578125 0.09921875 0.23203125
0 0.23125 0.632421875 0.103125 0.23359375
0 0.111328125 0.63671875 0.09453125 0.2265625