1 0.358984375 0.0734375 0.25546875 0.090625
1 0.6921875 0.066015625 0.221875 0.08828125
1 0.69453125 0.199609375 0.2453125 0.09609375
1 0.696875 0.32890625 0.225 0.0984375
1 0.69296875 0.463671875 0.2484375 0.10546875
1 0.684765625 0.59453125 0.23515625 0.0984375
1 0.687109375 0.723046875 0.21171875 0.09609375
1 0.676953125 0.867578125 0.23828125 0.10078125
1 0.343359375 0.854296875 0.26171875 0.09609375
1 0.346484375 0.72421875 0.25546875 0.0984375
1 0.348828125 0.19765625 0.23515625 0.0984375
1 0.355078125 0.333984375 0.23828125 0.09296875
1 0.345703125 0.45703125 0.23515625 0.0828125
1 0.347265625 0.590625 0.23203125 0.103125