0 0.658203125 0.896875 0.24453125 0.103125
1 0.3078125 0.8828125 0.228125 0.084375
1 0.308984375 0.747265625 0.22109375 0.08203125
1 0.654296875 0.762109375 0.23671875 0.09609375
1 0.652734375 0.62578125 0.21171875 0.0796875
1 0.31640625 0.6171875 0.2203125 0.08125
1 0.316015625 0.4921875 0.22265625 0.078125
1 0.659375 0.489453125 0.234375 0.07890625
1 0.65546875 0.354296875 0.2234375 0.08046875
1 0.658203125 0.2234375 0.22890625 0.08125
1 0.658203125 0.09140625 0.21953125 0.0890625
1 0.318359375 0.108203125 0.21171875 0.07890625
1 0.316796875 0.2359375 0.21484375 0.08125
1 0.317578125 0.36171875 0.21640625 0.0859375