1 0.358984375 0.090234375 0.20859375 0.08046875
1 0.68984375 0.076171875 0.2203125 0.08671875
1 0.692578125 0.203125 0.22578125 0.09375
1 0.353515625 0.212890625 0.21328125 0.07890625
1 0.3546875 0.3421875 0.215625 0.078125
1 0.695703125 0.333203125 0.22265625 0.07578125
1 0.69296875 0.4640625 0.2328125 0.075
1 0.35 0.46640625 0.221875 0.0828125
1 0.34140625 0.594921875 0.2265625 0.08046875
0 0.687109375 0.6015625 0.23359375 0.096875
0 0.68125 0.7375 0.24375 0.103125
0 0.6859375 0.87421875 0.2375 0.0984375
0 0.325390625 0.87265625 0.25390625 0.0984375
0 0.332421875 0.721875 0.24609375 0.096875