1 0.88828125 0.3203125 0.0828125 0.221875
1 0.888671875 0.6375 0.09296875 0.21875
1 0.763671875 0.6359375 0.09609375 0.221875
1 0.769140625 0.315234375 0.08828125 0.21484375
1 0.651953125 0.305859375 0.08828125 0.21484375
1 0.519921875 0.3015625 0.09296875 0.225
1 0.521875 0.6328125 0.090625 0.221875
1 0.641015625 0.633203125 0.08828125 0.23203125
0 0.402734375 0.294140625 0.09609375 0.23828125
0 0.278125 0.287890625 0.115625 0.23828125
0 0.122265625 0.28671875 0.12890625 0.2484375
0 0.1359375 0.61796875 0.11875 0.2484375
0 0.277734375 0.62578125 0.09609375 0.2484375
0 0.3953125 0.621484375 0.103125 0.25546875