1 0.16640625 0.444140625 0.0703125 0.14765625
1 0.151171875 0.6875 0.08046875 0.178125
1 0.29609375 0.444921875 0.0734375 0.16484375
1 0.42421875 0.44921875 0.0703125 0.1578125
1 0.54609375 0.441796875 0.0734375 0.17109375
1 0.285546875 0.68515625 0.07734375 0.1703125
1 0.421875 0.685546875 0.08125 0.18046875
1 0.5453125 0.676953125 0.078125 0.17890625
1 0.669921875 0.680859375 0.08046875 0.16796875
1 0.794140625 0.6734375 0.07578125 0.16875
1 0.919140625 0.673046875 0.08515625 0.16171875
1 0.902734375 0.44609375 0.07109375 0.1453125
1 0.783203125 0.447265625 0.07265625 0.15390625
1 0.66484375 0.444921875 0.0765625 0.16171875