1 0.38984375 0.08984375 0.1640625 0.0640625
1 0.607421875 0.066796875 0.18046875 0.06171875
1 0.6046875 0.19453125 0.153125 0.0734375
1 0.390234375 0.207421875 0.15859375 0.06796875
1 0.38984375 0.32421875 0.1609375 0.0703125
1 0.6078125 0.319140625 0.159375 0.06953125
1 0.382421875 0.444921875 0.16796875 0.06484375
0 0.607421875 0.447265625 0.17421875 0.06953125
0 0.6046875 0.572265625 0.171875 0.07578125
0 0.378125 0.567578125 0.171875 0.07890625
0 0.359375 0.69453125 0.175 0.0796875
0 0.598046875 0.703125 0.16796875 0.071875
0 0.344921875 0.834765625 0.17421875 0.08203125
0 0.599609375 0.84296875 0.18046875 0.0828125