1 0.3359375 0.08671875 0.16875 0.0734375
1 0.55859375 0.07109375 0.1546875 0.0734375
1 0.566796875 0.18515625 0.17421875 0.0796875
1 0.3421875 0.201171875 0.16875 0.07421875
1 0.3375 0.317578125 0.171875 0.07578125
1 0.56328125 0.31171875 0.1640625 0.0765625
0 0.3359375 0.4375 0.18125 0.078125
0 0.571875 0.43828125 0.178125 0.0796875
0 0.576953125 0.56640625 0.18515625 0.0828125
0 0.57578125 0.7015625 0.1921875 0.090625
0 0.582421875 0.8546875 0.19609375 0.090625
0 0.29609375 0.851953125 0.2015625 0.09453125
0 0.308203125 0.6984375 0.18515625 0.090625
0 0.328125 0.563671875 0.190625 0.07734375