0 0.37265625 0.85 0.1890625 0.08125
0 0.615234375 0.848046875 0.18359375 0.07734375
0 0.612109375 0.713671875 0.16796875 0.07734375
0 0.375390625 0.712109375 0.19140625 0.08046875
0 0.380078125 0.58359375 0.16953125 0.0765625
0 0.6109375 0.582421875 0.18125 0.07421875
0 0.612890625 0.463671875 0.17265625 0.06796875
0 0.38828125 0.4640625 0.1703125 0.06875
0 0.605078125 0.34140625 0.16328125 0.0734375
1 0.387890625 0.34609375 0.16328125 0.0734375
1 0.387109375 0.230078125 0.16796875 0.06953125
1 0.601953125 0.221484375 0.15703125 0.06796875
1 0.5984375 0.1 0.15 0.06875
1 0.3859375 0.11328125 0.159375 0.0640625