0 0.19453125 0.30546875 0.0859375 0.1546875
0 0.318359375 0.307421875 0.09296875 0.17109375
0 0.438671875 0.3203125 0.08046875 0.175
0 0.56015625 0.325390625 0.0703125 0.18828125
0 0.66875 0.3375 0.078125 0.178125
0 0.6671875 0.552734375 0.078125 0.17109375
0 0.552734375 0.543359375 0.06796875 0.17109375
0 0.437890625 0.53515625 0.07578125 0.1609375
0 0.323046875 0.5328125 0.08046875 0.178125
0 0.1984375 0.53125 0.078125 0.175
1 0.78984375 0.33046875 0.0734375 0.1609375
1 0.90625 0.32734375 0.078125 0.1578125
1 0.9109375 0.549609375 0.078125 0.16484375
1 0.785546875 0.5453125 0.08046875 0.175