0 0.141015625 0.3703125 0.07578125 0.175
0 0.2796875 0.3671875 0.090625 0.18125
0 0.415234375 0.365625 0.08046875 0.178125
0 0.53359375 0.377734375 0.0828125 0.16484375
0 0.65078125 0.380859375 0.0859375 0.17109375
0 0.77578125 0.3765625 0.0828125 0.18125
0 0.77890625 0.6015625 0.0859375 0.175
0 0.655859375 0.596875 0.09609375 0.178125
0 0.534765625 0.601171875 0.07578125 0.16796875
0 0.41484375 0.601171875 0.0984375 0.16796875
0 0.2796875 0.6015625 0.090625 0.175
0 0.15234375 0.600390625 0.0984375 0.18515625
1 0.90703125 0.371484375 0.0828125 0.17109375
1 0.91328125 0.5984375 0.0984375 0.18125