1 0.910546875 0.35234375 0.08046875 0.1734375
0 0.91171875 0.595703125 0.0828125 0.16953125
0 0.776171875 0.358203125 0.08984375 0.16953125
0 0.77890625 0.59140625 0.0921875 0.1765625
0 0.646875 0.590625 0.084375 0.175
0 0.653125 0.35625 0.084375 0.178125
0 0.52890625 0.34765625 0.0828125 0.1734375
0 0.526953125 0.58359375 0.08203125 0.1765625
0 0.40625 0.341015625 0.090625 0.18828125
0 0.404296875 0.58046875 0.08984375 0.1765625
0 0.26875 0.57890625 0.090625 0.1765625
0 0.269140625 0.326171875 0.09453125 0.18984375
0 0.121875 0.322265625 0.103125 0.19140625
0 0.129296875 0.5796875 0.09609375 0.178125