0 0.858203125 0.3671875 0.07578125 0.153125
0 0.877734375 0.58125 0.08046875 0.15625
0 0.746484375 0.587890625 0.09296875 0.16328125
0 0.7359375 0.36796875 0.078125 0.1546875
0 0.62109375 0.365625 0.0796875 0.15625
0 0.61796875 0.584765625 0.0859375 0.16953125
0 0.496484375 0.583984375 0.08984375 0.16484375
0 0.4984375 0.368359375 0.084375 0.17109375
0 0.3765625 0.356640625 0.078125 0.18515625
0 0.371875 0.5828125 0.084375 0.175
0 0.241796875 0.58203125 0.08671875 0.1765625
0 0.247265625 0.343359375 0.08828125 0.18671875
0 0.104296875 0.33359375 0.08984375 0.1984375
0 0.105078125 0.58984375 0.08828125 0.1828125