0 0.148828125 0.543359375 0.08828125 0.18984375
1 0.154296875 0.290625 0.09296875 0.18125
1 0.29296875 0.29921875 0.0859375 0.1796875
1 0.425 0.3 0.084375 0.175
1 0.55625 0.310546875 0.096875 0.17109375
1 0.680078125 0.312109375 0.07578125 0.16796875
1 0.802734375 0.313671875 0.08671875 0.16484375
1 0.92578125 0.319921875 0.0765625 0.16796875
1 0.934375 0.5453125 0.078125 0.15625
1 0.812109375 0.552734375 0.09296875 0.16796875
1 0.683984375 0.55 0.08671875 0.178125
1 0.5546875 0.55234375 0.096875 0.1828125
1 0.42421875 0.55 0.0921875 0.18125
1 0.288671875 0.545703125 0.08984375 0.18515625