1 0.924609375 0.37734375 0.06796875 0.1390625
1 0.926171875 0.601953125 0.07421875 0.14765625
1 0.809765625 0.37734375 0.07578125 0.1546875
1 0.691015625 0.36875 0.07578125 0.153125
1 0.5765625 0.36015625 0.078125 0.1546875
1 0.453125 0.35078125 0.090625 0.1578125
1 0.323046875 0.342578125 0.08671875 0.16953125
1 0.314453125 0.578515625 0.07578125 0.16640625
1 0.442578125 0.583984375 0.08828125 0.16796875
1 0.565625 0.58828125 0.078125 0.1609375
1 0.686328125 0.591796875 0.08203125 0.16484375
1 0.80546875 0.602734375 0.0796875 0.16796875
0 0.1921875 0.3375 0.103125 0.175
0 0.189453125 0.569921875 0.08828125 0.16484375