1 0.90390625 0.33515625 0.0734375 0.1515625
1 0.91171875 0.54140625 0.0734375 0.1546875
1 0.79453125 0.542578125 0.0859375 0.14453125
1 0.788671875 0.33359375 0.08046875 0.1609375
1 0.675 0.3125 0.078125 0.175
1 0.68125 0.546484375 0.090625 0.17109375
1 0.56015625 0.54453125 0.0859375 0.1609375
1 0.558203125 0.310546875 0.08828125 0.17109375
1 0.437890625 0.315625 0.08828125 0.18125
1 0.433984375 0.540625 0.08046875 0.175
1 0.305859375 0.297265625 0.09296875 0.19140625
0 0.304296875 0.54296875 0.09609375 0.1984375
0 0.165234375 0.2796875 0.09296875 0.221875
0 0.161328125 0.53828125 0.10078125 0.2015625