1 0.86328125 0.299609375 0.0984375 0.09921875
1 0.865625 0.451171875 0.096875 0.09609375
1 0.8796875 0.595703125 0.090625 0.09765625
0 0.712109375 0.603515625 0.10546875 0.10078125
0 0.702734375 0.45546875 0.09921875 0.1140625
0 0.70234375 0.298046875 0.0984375 0.12109375
0 0.534375 0.3 0.103125 0.115625
0 0.543359375 0.616015625 0.10859375 0.12578125
0 0.3671875 0.61796875 0.109375 0.1140625
0 0.365625 0.462109375 0.103125 0.12109375
0 0.361328125 0.300390625 0.10078125 0.11953125
0 0.1859375 0.302734375 0.1125 0.11796875
0 0.184375 0.46484375 0.115625 0.1140625
0 0.17890625 0.622265625 0.1109375 0.12265625