0 0.1921875 0.30859375 0.125 0.1078125
0 0.184765625 0.4640625 0.11953125 0.1125
0 0.1765625 0.6234375 0.121875 0.115625
0 0.36875 0.619140625 0.109375 0.11953125
0 0.548046875 0.61875 0.11484375 0.115625
0 0.715234375 0.61015625 0.10546875 0.1140625
0 0.87265625 0.60703125 0.1046875 0.1109375
0 0.858984375 0.461328125 0.10859375 0.10078125
0 0.868359375 0.3046875 0.10234375 0.1125
0 0.707421875 0.3078125 0.10234375 0.109375
0 0.70546875 0.4625 0.0984375 0.115625
0 0.5421875 0.30859375 0.103125 0.1296875
0 0.3703125 0.30859375 0.1125 0.1109375
0 0.369140625 0.464453125 0.11328125 0.11953125