1 0.868359375 0.305859375 0.10859375 0.11796875
1 0.69296875 0.30703125 0.1109375 0.1140625
1 0.696484375 0.46640625 0.09921875 0.1078125
1 0.69921875 0.62421875 0.1046875 0.1109375
1 0.51640625 0.623046875 0.1109375 0.10546875
1 0.50859375 0.304296875 0.0984375 0.11796875
1 0.334375 0.30859375 0.109375 0.1109375
1 0.333984375 0.473046875 0.10234375 0.11796875
1 0.330859375 0.630078125 0.10859375 0.11953125
1 0.14140625 0.6359375 0.1171875 0.109375
1 0.148828125 0.4734375 0.10703125 0.1125
1 0.152734375 0.30859375 0.10546875 0.1109375
0 0.8609375 0.462890625 0.109375 0.11953125
0 0.8703125 0.623828125 0.115625 0.11953125