1 0.665234375 0.31015625 0.10234375 0.0890625
1 0.669921875 0.447265625 0.08984375 0.09765625
1 0.5109375 0.308984375 0.090625 0.10546875
1 0.516796875 0.5859375 0.09609375 0.090625
1 0.35546875 0.308984375 0.0921875 0.09609375
1 0.352734375 0.45390625 0.08984375 0.1078125
1 0.348046875 0.59140625 0.09296875 0.1078125
1 0.177734375 0.588671875 0.09609375 0.10234375
1 0.185546875 0.449609375 0.09921875 0.09921875
1 0.1953125 0.31015625 0.096875 0.1078125
0 0.67109375 0.58984375 0.0984375 0.1078125
0 0.821484375 0.30859375 0.09609375 0.0921875
0 0.81953125 0.446875 0.0921875 0.109375
0 0.8265625 0.58671875 0.096875 0.1109375