1 0.19453125 0.583984375 0.1234375 0.20234375
0 0.21953125 0.3921875 0.1234375 0.1625
0 0.246875 0.19296875 0.128125 0.1859375
0 0.39765625 0.23125 0.1140625 0.184375
0 0.369921875 0.423828125 0.13359375 0.18203125
0 0.34375 0.626171875 0.11875 0.18984375
0 0.499609375 0.657421875 0.13671875 0.18984375
0 0.649609375 0.698046875 0.13046875 0.19609375
0 0.804296875 0.7296875 0.13671875 0.178125
0 0.834765625 0.53046875 0.12890625 0.1703125
0 0.85625 0.33359375 0.146875 0.1640625
0 0.706640625 0.307421875 0.13828125 0.17421875
0 0.681640625 0.5015625 0.12890625 0.178125
0 0.525390625 0.457421875 0.13203125 0.18984375
0 0.557421875 0.26328125 0.13359375 0.1859375