1 0.262109375 0.233984375 0.19609375 0.12734375
1 0.265234375 0.36953125 0.19921875 0.1359375
1 0.264453125 0.50859375 0.19765625 0.1140625
1 0.265234375 0.6375 0.19921875 0.125
1 0.264453125 0.775 0.19765625 0.11875
1 0.4984375 0.764453125 0.1875 0.14765625
1 0.498046875 0.634375 0.19609375 0.11875
1 0.49453125 0.49921875 0.1859375 0.1296875
1 0.4984375 0.359375 0.1875 0.11875
1 0.5015625 0.2265625 0.203125 0.11875
1 0.73359375 0.222265625 0.2046875 0.13203125
0 0.73359375 0.365234375 0.1828125 0.12734375
0 0.7359375 0.4984375 0.184375 0.125
0 0.73515625 0.634765625 0.1828125 0.13203125
0 0.734375 0.77890625 0.175 0.1359375