1 0.421875 0.71484375 0.125 0.1203125
1 0.57265625 0.58046875 0.1328125 0.1015625
0 0.2890625 0.2390625 0.128125 0.115625
0 0.425 0.237109375 0.125 0.11796875
0 0.425 0.36171875 0.125 0.1203125
0 0.28515625 0.359765625 0.1265625 0.11328125
0 0.284375 0.47734375 0.128125 0.1109375
0 0.42734375 0.478125 0.1203125 0.10625
0 0.425 0.59140625 0.13125 0.1015625
0 0.28515625 0.5921875 0.1296875 0.115625
0 0.2859375 0.7140625 0.13125 0.115625
0 0.5671875 0.697265625 0.11875 0.11328125
0 0.7359375 0.694140625 0.125 0.12265625
0 0.7390625 0.576953125 0.128125 0.10390625
0 0.7390625 0.477734375 0.13125 0.08984375
0 0.7328125 0.377734375 0.125 0.10859375
0 0.7296875 0.274609375 0.13125 0.09921875
0 0.56015625 0.276171875 0.1234375 0.08984375
0 0.565625 0.3796875 0.125 0.096875
0 0.5703125 0.4765625 0.128125 0.096875