1 0.341015625 0.341015625 0.04765625 0.09765625
1 0.397265625 0.379296875 0.04453125 0.10234375
1 0.307421875 0.423828125 0.04921875 0.09140625
1 0.360546875 0.465234375 0.04921875 0.09609375
1 0.426171875 0.505859375 0.04609375 0.10234375
1 0.388671875 0.591015625 0.04921875 0.09765625
1 0.333203125 0.546484375 0.04453125 0.10234375
1 0.269921875 0.504296875 0.04921875 0.09609375
1 0.233984375 0.586328125 0.04921875 0.09765625
1 0.291796875 0.626171875 0.04609375 0.10234375
1 0.355859375 0.678125 0.04609375 0.115625
1 0.313671875 0.762890625 0.04609375 0.11328125
1 0.253515625 0.715625 0.04765625 0.115625
1 0.19453125 0.66796875 0.0546875 0.1046875
0 0.4578125 0.409765625 0.059375 0.09765625