0 0.409765625 0.21015625 0.16328125 0.1078125
0 0.5953125 0.21484375 0.153125 0.1046875
0 0.61640625 0.314453125 0.1609375 0.09140625
0 0.600390625 0.408203125 0.16328125 0.08828125
0 0.597265625 0.507421875 0.16328125 0.09609375
0 0.6015625 0.604296875 0.165625 0.08671875
0 0.600390625 0.694921875 0.16328125 0.08359375
0 0.594140625 0.792578125 0.15703125 0.08828125
0 0.4046875 0.787890625 0.159375 0.09765625
0 0.405078125 0.688671875 0.15703125 0.09609375
0 0.408203125 0.593359375 0.16328125 0.08671875
0 0.410546875 0.5046875 0.17734375 0.103125
0 0.414453125 0.407421875 0.17578125 0.08359375
0 0.411328125 0.309765625 0.16953125 0.08828125