1 0.288671875 0.219921875 0.11171875 0.16484375
1 0.408984375 0.231640625 0.10234375 0.16953125
1 0.522265625 0.22734375 0.10390625 0.1734375
1 0.517578125 0.436328125 0.09765625 0.17890625
1 0.401953125 0.430859375 0.10390625 0.16796875
1 0.28671875 0.427734375 0.1109375 0.16796875
1 0.277734375 0.62734375 0.11171875 0.1921875
1 0.398046875 0.63984375 0.10234375 0.1921875
1 0.513671875 0.645703125 0.10859375 0.18203125
1 0.63125 0.64921875 0.11875 0.1890625
0 0.64375 0.233984375 0.11875 0.18046875
0 0.640625 0.4421875 0.125 0.1875
0 0.763671875 0.44375 0.12109375 0.203125
0 0.7546875 0.661328125 0.115625 0.19765625
0 0.7671875 0.240625 0.115625 0.1875