1 0.48046875 0.253125 0.1453125 0.1
1 0.4828125 0.35 0.15625 0.1
1 0.483984375 0.45234375 0.16171875 0.1046875
1 0.4859375 0.561328125 0.175 0.11328125
1 0.7015625 0.362890625 0.18125 0.09140625
1 0.71015625 0.44609375 0.1734375 0.0953125
1 0.71953125 0.549609375 0.1765625 0.09296875
0 0.267578125 0.22109375 0.16015625 0.1421875
0 0.25390625 0.31875 0.1734375 0.13125
0 0.248828125 0.41640625 0.16015625 0.1265625
0 0.237890625 0.537890625 0.16953125 0.12890625
0 0.226953125 0.66015625 0.17265625 0.1421875
0 0.6984375 0.265625 0.175 0.115625
0 0.48828125 0.684375 0.1859375 0.121875
0 0.730078125 0.665234375 0.18828125 0.13359375