1 0.131640625 0.180859375 0.20078125 0.28984375
1 0.375 0.178125 0.1875 0.271875
1 0.5890625 0.172265625 0.203125 0.26953125
1 0.832421875 0.1609375 0.16796875 0.271875
1 0.8484375 0.50234375 0.21875 0.2921875
1 0.61171875 0.50546875 0.1859375 0.2765625
1 0.36484375 0.50546875 0.2171875 0.2828125
1 0.12734375 0.501953125 0.1796875 0.28515625
1 0.134375 0.84453125 0.175 0.2765625
1 0.365625 0.840234375 0.209375 0.28046875
1 0.616796875 0.83515625 0.19609375 0.2921875
0 0.859375 0.848046875 0.2125 0.30234375